4278124064 4278124064 4278124064 4278124064 4278124064 4278124064 4278124064 4278124064 4278124064 4278124064 4278124064 4278124064 4278124064 4278124064 4278124064 4278124064 4278124064 4278124064 4278124064 4278124064 4278124064 4278124064 4278124064 4278124064 4278124064 4278124064 4278124064 4278124064 4278124064 4278124064 4278124064 4278124064 4278124064 4278124064 4278124064 4278124064 4278124064 4278124064 4278124064 4278124064 4278124064 4278124064 4278124064 4278124064 4278124064 4278124064 4278124064 4278124064 4278124064 4278124064 
4278124064 4278124064 4278124064 4278124064 4278124064 4278124064 4278124064 4278124064 4278124064 4278124064 4278124064 4278124064 4278124064 4278124064 4278124064 4278124064 4278124064 4278124064 4278124064 4278124064 4278124064 4278124064 4278124064 4278124064 4278124064 4278124064 4278124064 4278124064 4278124064 4278124064 4278124064 4278124064 4278124064 4278124064 4278124064 4278124064 4278124064 4278124064 4278124064 4278124064 4278124064 4278124064 4278124064 4278124064 4278124064 4278124064 4278124064 4278124064 4278124064 4278124064 
4278124064 4278124064 4278124064 4278124064 4278124064 4278124064 4278124064 4278124064 4278124064 4278124064 4278124064 4278124064 4278124064 4278124064 4278124064 4278124064 4278124064 4278124064 4278124064 4278124064 4278124064 4278124064 4278124064 4278124064 4278124064 4278124064 4278124064 4278124064 4278124064 4278124064 4278124064 4278124064 4278124064 4278124064 4278124064 4278124064 4278124064 4278124064 4278124064 4278124064 4278124064 4278124064 4278124064 4278124064 4278124064 4278124064 4278124064 4278124064 4278124064 4278124064 
4278124064 4278124064 4278124064 4278124064 4278124064 4278124064 4278124064 4278124064 4278124064 4278124064 4278124064 4278124064 4278124064 4278124064 4278124064 4278124064 4278124064 4278124064 4278124064 4278124064 4278124064 4278124064 4278124064 4278124064 4278124064 4278124064 4278124064 4278124064 4278124064 4278124064 4278124064 4278124064 4278124064 4278124064 4278124064 4278124064 4278124064 4278124064 4278124064 4278124064 4278124064 4278124064 4278124064 4278124064 4278124064 4278124064 4278124064 4278124064 4278124064 4278124064 
4278124064 4278124064 4278124064 4278124064 4278124064 4278124064 4278124064 4278124064 4278124064 4278124064 4278124064 4278124064 4278124064 4278124064 4278124064 4278124064 4278124064 4278124064 4278124064 4278189600 4294967072 4294967072 4294967072 4294967072 4278124064 4278124064 4278124064 4278124064 4278124064 4278124064 4278124064 4278124064 4278124064 4278124064 4278124064 4278124064 4278124064 4278124064 4278124064 4278124064 4278124064 4278124064 4278124064 4278124064 4278124064 4278124064 4278124064 4278124064 4278124064 4278124064 
4278124064 4278124064 4278124064 4278124064 4278124064 4278124064 4278124064 4278124064 4278124064 4278124064 4278124064 4278124064 4278124064 4278124064 4278124064 4278124064 4278124064 4278124064 4261346592 4177066016 3787907360 3635664928 3805209120 4160026400 4294967072 4294967072 4278124064 4278124064 4278124064 4278124064 4278124064 4278124064 4278124064 4278124064 4278124064 4278124064 4278124064 4278124064 4278124064 4278124064 4278124064 4278124064 4278124064 4278124064 4278124064 4278124064 4278124064 4278124064 4278124064 4278124064 
4278124064 4278124064 4278124064 4278124064 4278124064 4278124064 4278124064 4278124064 4278124064 4278124064 4278124064 4278124064 4278124064 4278124064 4278124064 4278124064 4278124064 4278124064 4294967072 3297625120 2787223072 2888215584 2939268896 3042751776 3568489504 4244438048 4294967072 4278124064 4278124064 4278124064 4278124064 4278124064 4278124064 4278124064 4278124064 4278124064 4278124064 4278124064 4278124064 4278124064 4278124064 4278124064 4278124064 4278124064 4278124064 4278124064 4278124064 4278124064 4278124064 4278124064 
4278124064 4278124064 4278124064 4278124064 4278124064 4278124064 4278124064 4278124064 4278124064 4278124064 4278124064 4278124064 4278124064 4278124064 4278124064 4278124064 4278124064 4294967072 4294967072 3754417952 2839652640 2888608800 2972627232 2989208096 2939465504 3297297440 4227595040 4294967072 4294967072 4294967072 4294967072 4278124064 4278124064 4278124064 4278124064 4278124064 4278124064 4278124064 4278124064 4278124064 4278124064 4278124064 4278124064 4278124064 4278124064 4278124064 4278124064 4278124064 4278124064 4278124064 
4278124064 4278124064 4278124064 4278124064 4278124064 4278124064 4278124064 4278124064 4278124064 4278124064 4278124064 4278124064 4278124064 4278124064 4278124064 4278124064 4278189600 4092195616 3432631328 3211968288 3024860192 2804524832 2821171232 2938941216 2989273632 2888543264 2975510816 3297231904 3618625312 3957123872 4227660576 4294967072 4294967072 4278124064 4278124064 4278124064 4278124064 4278124064 4278124064 4278124064 4278124064 4278124064 4278124064 4278124064 4278124064 4278124064 4278124064 4278124064 4278124064 4278124064 
4278124064 4278124064 4278124064 4278124064 4278124064 4278124064 4278124064 4278124064 4278124064 4278124064 4278124064 4278124064 4278124064 4278124064 4278124064 4261412128 4294967072 3297690656 2888084512 2921901600 2955587616 2972692768 2955849760 2972561696 2989404704 2989404704 2938613536 2904861984 2837817632 2805049120 2975248672 3415657248 3974163488 4294967072 4294967072 4278189600 4278124064 4278124064 4278124064 4278124064 4278124064 4278124064 4278124064 4278124064 4278124064 4278124064 4278124064 4278124064 4278124064 4278124064 
4278124064 4278124064 4278124064 4278124064 4278124064 4278124064 4278124064 4278124064 4278124064 4278124064 4278124064 4278124064 4278124064 4278124064 4294967072 4278189600 3838960672 3009065760 2770380064 2804393760 2938941216 2989404704 2989404704 2989404704 2989404704 2989404704 2989404704 2989404704 3006182176 2989273632 2955522080 2871372576 2923146784 3364210720 3872777760 4244634656 4294967072 4278124064 4278124064 4278124064 4278124064 4278124064 4278124064 4278124064 4278124064 4278124064 4278124064 4278124064 4278124064 4278124064 
4278124064 4278124064 4278124064 4278124064 4278124064 4278124064 4278124064 4278124064 4278124064 4278124064 4278124064 4278124064 4278124064 4294967072 4075614752 3229728800 2821695520 2938679072 2989339168 2939137824 2989404704 2989404704 2989404704 2989404704 2989404704 2989404704 2989404704 2989404704 2989404704 2989404704 2989404704 2989404704 2989339168 2854529568 2704646432 3196173856 3889817376 4261412128 4294967072 4278124064 4278124064 4278124064 4278124064 4278124064 4278124064 4278124064 4278124064 4278124064 4278124064 4278124064 
4278124064 4278124064 4278124064 4278124064 4278124064 4278124064 4278124064 4278124064 4278124064 4278124064 4278124064 4294967072 4294967072 3720469792 2890247200 2904993056 3006116640 3006182176 2989404704 2972627232 2989404704 2989404704 2989404704 2989404704 2989404704 2989404704 2989404704 2989404704 2989404704 2989404704 2989404704 2989404704 3006247712 2753602592 2551486496 2602474272 2924260896 3534213664 4177000480 4294967072 4278124064 4278124064 4278124064 4278124064 4278124064 4278124064 4278124064 4278124064 4278124064 4278124064 
4278124064 4278124064 4278124064 4278124064 4278124064 4278124064 4278124064 4278124064 4278124064 4278124064 4294967072 4278189600 3382561056 2703991072 2938744608 2989404704 2989404704 2989404704 2989404704 2989404704 2989404704 2989404704 2989404704 2989404704 2989404704 2989404704 2989404704 2989404704 2989404704 2989404704 2989404704 2989404704 3006247712 2770511136 2551683104 2585238048 2568460576 2855905824 3246899488 4008373792 4294967072 4278124064 4278124064 4278124064 4278124064 4278124064 4278124064 4278124064 4278124064 4278124064 
4278124064 4278124064 4278124064 4278124064 4278124064 4278124064 4278124064 4278124064 4278124064 4294967072 4227726112 3129326112 2585631264 2955718688 2972692768 2989404704 2989404704 2989404704 2989404704 2989404704 2989404704 2989404704 2989404704 2989404704 2989404704 2989404704 2989404704 2989404704 2989404704 2989404704 2989404704 2989404704 2989404704 2905320736 2618989600 2618792992 2602081056 2517997088 2805180192 3195452960 3889948448 4294967072 4278124064 4278124064 4278124064 4278124064 4278124064 4278124064 4278124064 4278124064 
4278124064 4278124064 4278124064 4278124064 4278124064 4278124064 4278124064 4278124064 4278189600 4278189600 3129391648 2535167776 2871700256 2972627232 2989404704 2989404704 2989404704 2989404704 2989404704 2989404704 2989404704 2989404704 2989404704 2989404704 2989404704 2989404704 2989404704 2989404704 2989404704 2989404704 2989404704 2989404704 2989404704 2989404704 2854791712 2635832608 2602146592 2585369120 2551420960 2821695520 3094525984 3890013984 4294967072 4278124064 4278124064 4278124064 4278124064 4278124064 4278124064 4278124064 
4278124064 4278124064 4278124064 4278124064 4278124064 4278124064 4278124064 4278124064 4294967072 3315451168 2484900896 2804459296 2955849760 2989339168 2972627232 2989404704 2989404704 2989404704 2989404704 2989404704 2989404704 2989404704 2989404704 2989404704 2989404704 2989404704 2989404704 2989404704 2989404704 2989404704 2989404704 2989404704 2989404704 2989404704 2989404704 2922098208 2804131616 2686230560 2635832608 2635701536 3040982304 3363883040 3974556704 4261412128 4278124064 4278124064 4278124064 4278124064 4278124064 4278124064 
4278124064 4278124064 4278124064 4278124064 4278124064 4278124064 4278124064 4294967072 3805012512 2468909856 2703466784 2922294816 2989404704 2989404704 2972692768 2989404704 2989404704 2989404704 2989404704 2989404704 2989404704 2989404704 2989404704 2989404704 2989404704 2989404704 2989404704 2989404704 2989404704 2989404704 2989404704 2989404704 2989404704 2989404704 2989404704 2989404704 3006247712 2972561696 2955784224 2955915296 2955653152 3259744800 3398158880 4126471456 4278189600 4278124064 4278124064 4278124064 4278124064 4278124064 
4278124064 4278124064 4278124064 4278124064 4278124064 4278124064 4294967072 4193646880 2756748320 2535364384 2821367840 2989339168 2989404704 2989404704 2989404704 2989404704 2989404704 2989404704 2989404704 2989404704 2989404704 2989404704 2989404704 2989404704 2989404704 2989404704 2989404704 2989404704 2989404704 2989404704 2989404704 2989404704 2989404704 2989404704 2989404704 2989404704 2989404704 2989404704 2989404704 2989404704 2989404704 2972561696 3327772192 3568030752 4278189600 4278124064 4278124064 4278124064 4278124064 4278124064 
4278124064 4278124064 4278124064 4278124064 4278124064 4278124064 4294967072 3416443680 2468123424 2619776032 2939006752 2989404704 2989404704 2989404704 2989404704 2989404704 2989404704 2989404704 2989404704 2989404704 2989404704 2989404704 2989404704 2989404704 2989404704 2989404704 2989404704 2989404704 2989404704 2989404704 2989404704 2989404704 2989404704 2989404704 2989404704 2989404704 2989404704 2989404704 2989404704 2989404704 2989404704 2972561696 3040195872 3379480864 3940411936 4294967072 4278124064 4278124064 4278124064 4278124064 
4278124064 4278124064 4278124064 4278124064 4278124064 4294967072 4176738336 2655297056 2552207392 2703728928 2905320736 2972561696 2989404704 2989404704 2989404704 2989404704 2989404704 2989404704 2989404704 2989404704 2989404704 2989404704 2989404704 2989404704 2989404704 2989404704 2989404704 2989404704 2989404704 2989404704 2989404704 2989404704 2989404704 2989404704 2989404704 2989404704 2989404704 2989404704 2989404704 2989404704 2989404704 2989404704 2922229280 3158621216 3482898208 4261346592 4278124064 4278124064 4278124064 4278124064 
4278124064 4278124064 4278124064 4278124064 4278124064 4294967072 3551712032 2468254496 2619710496 2686492704 2618858528 2888346656 2955718688 2938941216 2989470240 2989404704 2989404704 2989404704 2989404704 2989404704 2989404704 2989404704 2989404704 2989404704 2989404704 2989404704 2989404704 2989404704 2989404704 2989404704 2989404704 2989404704 2989404704 2989404704 2989404704 2989404704 2989404704 2989404704 2989404704 2989404704 2989404704 2989404704 2972627232 2955915296 3194076704 4008046112 4294967072 4278124064 4278124064 4278124064 
4278124064 4278124064 4278124064 4278124064 4278124064 4294967072 2943201056 2366934304 2569115936 2602277664 2669387552 2871503648 2652544544 2635767072 2804262688 2972627232 2989404704 2989404704 2989404704 2989404704 2989404704 2989404704 2989404704 2989404704 2989404704 2989404704 2989404704 2989404704 2989404704 2989404704 2989404704 2989404704 2989404704 2989404704 2989404704 2989404704 2989404704 2989404704 2989404704 2989404704 2989404704 2989404704 2989404704 2972430624 3057432096 3619280672 4294967072 4278124064 4278124064 4278124064 
4278124064 4278124064 4278124064 4278124064 4278189600 4177131552 2470286112 2232321312 2333379360 2686623776 2972561696 2837817632 2585238048 2568526112 2585303584 2888346656 2989404704 2989404704 2989404704 2989404704 2989404704 2989404704 2989404704 2989404704 2989404704 2989404704 2989404704 2989404704 2989404704 2989404704 2989404704 2989404704 2989404704 2989404704 2989404704 2989404704 2989404704 2989404704 2989404704 2989404704 2989404704 2989404704 2989404704 2989404704 2972430624 3280519968 4294967072 4278124064 4278124064 4278124064 
4278124064 4278124064 4278124064 4278124064 4294967072 4041797664 2284161056 2232648992 2266335008 2551879712 2938810144 2905189664 2585369120 2602081056 2585238048 2837752096 3006247712 2989404704 2989404704 2989404704 2989404704 2989404704 2989404704 2989404704 2989404704 2989404704 2989404704 2989404704 2989404704 2989404704 2989404704 2989404704 2989404704 2989404704 2989404704 2989404704 2989404704 2989404704 2989404704 2989404704 2989404704 2989404704 2989404704 2989404704 2955587616 3008803616 4210686496 4294967072 4278124064 4278124064 
4278124064 4278124064 4278124064 4278124064 4294967072 3805471264 2182644256 2249557536 2266400544 2501285152 2719785504 2972561696 2770642208 2618989600 2669387552 2922032672 3006247712 2989404704 2989404704 2989404704 2989404704 2989404704 2989404704 2989404704 2989404704 2989404704 2989404704 2972561696 2972561696 2989404704 2989404704 2989404704 2989404704 2989404704 2972561696 2972561696 2989404704 2989404704 2989404704 2989404704 2989404704 2989404704 2989404704 2989404704 2989273632 2906565920 4109300768 4294967072 4278124064 4278124064 
4278124064 4278124064 4278124064 4294967072 4193909024 2152431648 2131656480 2283112480 2249623072 2467861280 2618792992 2905124128 2989470240 2922098208 2938875680 2972561696 2989404704 2989404704 2989404704 2989404704 2989404704 2989404704 2989404704 2989404704 2989404704 2989404704 2972627232 2955718688 2922098208 2922032672 2955718688 2989404704 2989404704 2905255200 2905255200 2972561696 2989404704 2989404704 2989404704 2989404704 2989404704 2989404704 2989404704 2989404704 2989273632 2839193888 4008111648 4294967072 4278124064 4278124064 
4278124064 4278124064 4278124064 4160091936 3013784352 2219607072 2182185504 2283112480 2266400544 2451083808 2601949984 2804197152 2972627232 2989404704 2989404704 2989404704 2989404704 2989404704 2989404704 2989404704 2922032672 2955718688 2989404704 2989404704 2989404704 2972561696 2955653152 2938875680 2938875680 2955718688 2922032672 2922032672 2922032672 2922032672 2922098208 2938810144 2955718688 2989404704 2989404704 2989404704 2989404704 2989404704 2989404704 2989404704 2989273632 2889591840 4041732128 4294967072 4278124064 4278124064 
4278124064 4278124064 4294967072 4075680288 1242909216 1342787616 2232780064 2283178016 2249623072 2400685856 2585238048 2770642208 2972692768 2989404704 2989404704 2989404704 2989404704 2989404704 2989470240 2804197152 2602015520 2652544544 2922098208 2989404704 2989404704 3006182176 2871765792 2754192416 2989339168 2972496160 2955718688 2955718688 2972561696 2938810144 2972561696 2770969888 2888543264 2989404704 2989404704 2989404704 3006247712 2989404704 2989404704 2989404704 2989208096 2923540000 4109300768 4294967072 4278124064 4278124064 
4278124064 4278124064 4294967072 4160091936 2187362848 2169209120 2182316576 2283112480 2249623072 2333510432 2551617568 2770576672 2989404704 2989404704 2989404704 2989404704 2989404704 2989404704 2938941216 2602212128 2585369120 2551748640 2804328224 3006247712 2989404704 3039802656 2552535072 1309167136 1779591712 2418118688 2804459296 2972561696 2888543264 2502137120 1930654496 1342722080 2586155552 3023025184 3006182176 2938875680 2753602592 2938875680 3006247712 2989404704 2972365088 2957815840 4176934944 4278189600 4278124064 4278124064 
4278124064 4278124064 4278124064 4278124064 4177066016 2034923808 1963488544 2283178016 2266335008 2299889952 2484573216 2837686560 3006182176 2989404704 2989404704 2989404704 2989404704 2989404704 2938875680 2618924064 2602081056 2585238048 2821040160 3006247712 2989404704 3039802656 2518914592 1107640864 1006648352 1073758240 1359368480 1661887264 1510627872 1107313184 989870880 1090797856 2586024480 3023025184 2989470240 2703139104 2534709024 2821105696 3006247712 2989404704 2955456544 3127294496 4278189600 4278124064 4278124064 4278124064 
4278124064 4278124064 4278124064 4278124064 4294967072 3873302048 2352516128 2215674912 2266335008 2266269472 2467861280 2905320736 2989404704 2989404704 2989404704 2989404704 2989404704 2989404704 2972627232 2720113184 2602081056 2652675616 2922098208 2989404704 2989404704 3006182176 2888608800 2182447648 2219607072 1951364128 1075068960 1445352992 1158628640 1934324512 2371128608 2216199200 2871831328 3006182176 2972692768 2635832608 2585303584 2905189664 2989404704 2989404704 2904993056 3415395104 4294967072 4278124064 4278124064 4278124064 
4278124064 4278124064 4278124064 4278124064 4278124064 4294967072 3112810784 2148237344 2266335008 2249492000 2501743904 2939137824 2972692768 2989404704 2989404704 2989404704 2989404704 2989404704 2989470240 2955915296 2922098208 2939006752 2989470240 2989404704 2989404704 2989404704 3006182176 2635504928 3297559584 4194302240 3081877280 3365586976 2877401888 3738754592 3212885792 2736497440 3006182176 2989404704 2972692768 2787419680 2820974624 2989404704 2989404704 3006116640 2838407456 3838960672 4294967072 4278058528 4278124064 4278124064 
4278124064 4278124064 4278124064 4278124064 4278124064 4294967072 3839353888 2216395808 2232583456 2316798496 2569181472 2838276384 2989404704 2989404704 2989404704 2989404704 2989404704 2989404704 2989404704 2989404704 3006182176 2989404704 2989404704 2989404704 2989404704 2989404704 3006182176 2719916576 2485163040 2960240672 3448950048 3919964448 4088722208 3803505184 2756420640 2753471520 2972561696 2989404704 2989404704 3006247712 3006247712 2989404704 2989404704 2972234016 3025974304 4227529504 4278058528 4261346592 4278124064 4278124064 
4278124064 4278124064 4278124064 4278124064 4278124064 4278124064 4261412128 2875960096 2265941792 2535757600 2586155552 2653396512 2955718688 3006182176 2989404704 2989404704 2989404704 2989404704 2989404704 2989404704 2989404704 2989404704 2989404704 2989404704 2972496160 2955522080 2955718688 2989994528 2855578144 2924457504 3431320608 3717913888 3785482528 3886671648 3853706528 3042096416 2921770528 2972430624 2989404704 3006247712 3006313248 3006313248 3006313248 2854791712 3686259488 4294967072 4244503584 4227791648 4278124064 4278124064 
4278124064 4278124064 4278124064 4278124064 4278124064 4278124064 4294967072 3991203104 2520356384 2552272928 2586155552 2586155552 2720571936 2972561696 2972692768 2989404704 2989404704 2989404704 2989404704 2989404704 2989404704 2989273632 2955587616 2922032672 2973610272 3295331360 3482570528 3551449888 3568423968 3196632608 3330262560 3431320608 3414149920 3178806560 3331966496 3348875040 3144465184 2990125600 2955522080 3006247712 3006313248 3006313248 2905124128 3043276064 4210752032 4294967072 4278124064 4278124064 4278124064 4278124064 
4278124064 4278124064 4278124064 4278124064 4278124064 4278124064 4278124064 4294967072 3602699808 2485425184 2569181472 2586155552 2586155552 2754126880 2989404704 2989404704 2989404704 2989404704 2989404704 2989339168 2989077024 3023680544 3244998944 3330131488 3601978912 3670268448 3603158560 3552629536 3586250016 3602896416 3399272992 3330983456 3348416288 3467759136 3636451360 3603027488 3620067104 3584415008 3176643872 2972365088 3006313248 2989208096 2839193888 3956992800 4294967072 4294901536 4294967072 4278124064 4278124064 4278124064 
4278124064 4278124064 4278124064 4278124064 4278124064 4278124064 4278124064 4278124064 4294967072 3484340000 2468778784 2585827872 2586155552 2602867488 2754126880 2939137824 2989470240 2989404704 2922163744 3040130336 3092363296 3500593184 3653490976 3670202912 3603027488 3602896416 3602896416 3602896416 3602896416 3619739424 3619804960 3585922336 3586315552 3586250016 3602896416 3586184480 3602896416 3619936032 3703168032 3210460960 2972365088 2771363104 3669875232 4294967072 4278058528 4294901536 4294967072 4278189600 4278124064 4278124064 
4278124064 4278124064 4278124064 4278124064 4278124064 4278124064 4278124064 4278124064 4294967072 4294967072 3737116192 2688065568 2619710496 2602933024 2619644960 2720440864 2905386272 2955653152 3193814560 3584415008 3535327776 3603158560 3602896416 3602896416 3602896416 3602896416 3602896416 3602896416 3602896416 3602896416 3602896416 3602896416 3602896416 3602896416 3602896416 3602896416 3602896416 3602896416 3619870496 3686652704 3059988000 3551515424 4294967072 4278124064 4278124064 4278124064 4278124064 4278124064 4278124064 4278124064 
4278124064 4278124064 4278124064 4278124064 4278124064 4278124064 4278124064 4278124064 4092850976 3503345696 3099244576 2407436064 1914663456 2602801952 2670108448 2586155552 2653003296 2957553696 3602306592 3619936032 3586118944 3586053408 3602896416 3602896416 3602896416 3602896416 3602896416 3602896416 3602896416 3602896416 3602896416 3602896416 3602896416 3602896416 3602896416 3602896416 3619739424 3703954464 3653097760 3231957024 3822707488 4294967072 4294967072 4278124064 4294836000 4278124064 4278124064 4278124064 4278124064 4278124064 
4278124064 4278124064 4278124064 4278124064 4278124064 4278124064 4278124064 4294967072 3065427488 185273120 32 32 16777504 923416352 2015131680 2602867488 2670108448 3061823008 3232350240 3366963232 3484995360 3569275936 3602896416 3619739424 3619739424 3636451360 3602896416 3602896416 3602896416 3602896416 3602896416 3602896416 3619739424 3636647968 3687176992 3754417952 3602634272 2810816288 1312181792 471342112 909719072 1718052384 3200237088 4261281056 4278124064 4278124064 4278124064 4278124064 4278124064 4278124064 
4278124064 4278124064 4278124064 4278124064 4278124064 4278124064 4278124064 4278124064 4244438048 3351758624 2155905056 1061109536 336925728 32 32 486546720 1292913952 2153414688 2709627168 3063002656 3198008864 3299394592 3383675168 3501576224 3552105248 3602765344 3653359904 3703823392 3720666400 3720731936 3754286880 3770933280 3686652704 3400387104 2895031328 1952150560 807481376 32 32 32 32 32 1465341728 4227595040 4294967072 4278124064 4278124064 4278124064 4278124064 4278124064 
4278124064 4278124064 4278124064 4278124064 4278124064 4278124064 4278124064 4278124064 4278124064 4294967072 4294967072 4294967072 3890734880 3334915616 2492830752 1448760864 741288992 454433568 319558432 538058784 874460192 1244416544 1463506720 1547787296 1816947744 1951757344 2052815392 2052815392 1985508896 1884647456 1682727968 1345998880 874591264 369628704 67109920 32 252645152 656811808 1094795552 1717986848 2526451232 3334850080 4160223008 4278124064 4278124064 4278124064 4278124064 4278124064 4278124064 4278124064 
4278124064 4278124064 4278124064 4278124064 4278124064 4278124064 4278124064 4278124064 4278124064 4278124064 4278124064 4294967072 4294967072 4294967072 4294967072 4294967072 4160223008 3907643424 3503345696 3149708064 2863376928 2728567328 2593888800 2408550176 2206237472 2222949408 2223014944 2105179424 2155773984 2189525536 2155905056 2324400672 2492765216 2694815776 3233792032 3537031712 3873891872 4126536992 4294967072 4294967072 4294967072 4294967072 4294967072 4278124064 4278124064 4278124064 4278124064 4278124064 4278124064 4278124064 
4278124064 4278124064 4278124064 4278124064 4278124064 4278124064 4278124064 4278124064 4278124064 4278124064 4278124064 4278124064 4278124064 4278124064 4278124064 4278124064 4294967072 4294967072 4294967072 4294967072 4294967072 4294967072 4294967072 4294967072 4294967072 4294967072 4294967072 4294967072 4294967072 4294967072 4294967072 4294967072 4294967072 4294967072 4294967072 4294967072 4294967072 4294967072 4294967072 4278124064 4278124064 4278124064 4278124064 4278124064 4278124064 4278124064 4278124064 4278124064 4278124064 4278124064 
4278124064 4278124064 4278124064 4278124064 4278124064 4278124064 4278124064 4278124064 4278124064 4278124064 4278124064 4278124064 4278124064 4278124064 4278124064 4278124064 4278124064 4278124064 4278124064 4278124064 4278124064 4278124064 4278124064 4278124064 4278124064 4278124064 4278124064 4278124064 4278124064 4278124064 4278124064 4278124064 4278124064 4278124064 4278124064 4278124064 4278124064 4278124064 4278124064 4278124064 4278124064 4278124064 4278124064 4278124064 4278124064 4278124064 4278124064 4278124064 4278124064 4278124064 
4278124064 4278124064 4278124064 4278124064 4278124064 4278124064 4278124064 4278124064 4278124064 4278124064 4278124064 4278124064 4278124064 4278124064 4278124064 4278124064 4278124064 4278124064 4278124064 4278124064 4278124064 4278124064 4278124064 4278124064 4278124064 4278124064 4278124064 4278124064 4278124064 4278124064 4278124064 4278124064 4278124064 4278124064 4278124064 4278124064 4278124064 4278124064 4278124064 4278124064 4278124064 4278124064 4278124064 4278124064 4278124064 4278124064 4278124064 4278124064 4278124064 4278124064 
4278124064 4278124064 4278124064 4278124064 4278124064 4278124064 4278124064 4278124064 4278124064 4278124064 4278124064 4278124064 4278124064 4278124064 4278124064 4278124064 4278124064 4278124064 4278124064 4278124064 4278124064 4278124064 4278124064 4278124064 4278124064 4278124064 4278124064 4278124064 4278124064 4278124064 4278124064 4278124064 4278124064 4278124064 4278124064 4278124064 4278124064 4278124064 4278124064 4278124064 4278124064 4278124064 4278124064 4278124064 4278124064 4278124064 4278124064 4278124064 4278124064 4278124064 
4278124064 4278124064 4278124064 4278124064 4278124064 4278124064 4278124064 4278124064 4278124064 4278124064 4278124064 4278124064 4278124064 4278124064 4278124064 4278124064 4278124064 4278124064 4278124064 4278124064 4278124064 4278124064 4278124064 4278124064 4278124064 4278124064 4278124064 4278124064 4278124064 4278124064 4278124064 4278124064 4278124064 4278124064 4278124064 4278124064 4278124064 4278124064 4278124064 4278124064 4278124064 4278124064 4278124064 4278124064 4278124064 4278124064 4278124064 4278124064 4278124064 4278124064 
4278124064 4278124064 4278124064 4278124064 4278124064 4278124064 4278124064 4278124064 4278124064 4278124064 4278124064 4278124064 4278124064 4278124064 4278124064 4278124064 4278124064 4278124064 4278124064 4278124064 4278124064 4278124064 4278124064 4278124064 4278124064 4278124064 4278124064 4278124064 4278124064 4278124064 4278124064 4278124064 4278124064 4278124064 4278124064 4278124064 4278124064 4278124064 4278124064 4278124064 4278124064 4278124064 4278124064 4278124064 4278124064 4278124064 4278124064 4278124064 4278124064 4278124064 
